 'HLDF::',22,19,21,23,21,'V',21,20,20,22,21,'X',22,23,46,52,20
 'NT  ::',22,19,21,21,21,'V',21,20,20,22,21,'X',20,21,46,46,21
 n J87.93.AQJ9.7642 s AK43.Q652.T72.KJ ,'HCP=',21
 'HLDF::',20,16,19,19,19,'V',21,19,18,21,21,'X',18,20,43,47,20
 'NT  ::',18,16,19,16,19,'V',20,19,18,21,21,'X',18,19,43,43,20
 n J42.T98.T842.853 s AQ985.AK7.Q5.K96 ,'HCP=',19
 'HLDF::',23,20,22,23,21,'V',24,23,19,24,23,'X',24,23,46,49,25
 'NT  ::',21,20,21,20,20,'V',22,22,19,23,22,'X',21,21,46,46,22
 n AQJ.KQ862.Q32.K8 s 63.T974.J95.QJ64 ,'HCP=',21
 'HLDF::',16,13,17,17,17,'V',18,17,16,18,17,'X',18,17,40,43,17
 'NT  ::',16,13,17,15,17,'V',18,17,16,18,17,'X',17,16,40,40,18
 n AT2.J3.8742.Q953 s KQ63.K92.965.K62 ,'HCP=',18
 'HLDF::',22,18,22,21,21,'V',22,21,20,23,21,'X',22,21,47,52,20
 'NT  ::',21,18,22,19,21,'V',22,21,20,23,21,'X',21,19,47,47,21
 n Q7.KT8.AJ83.KJ87 s KJ653.943.KT2.T3 ,'HCP=',21
 'HLDF::',19,11,17,17,16,'V',18,17,14,18,16,'X',18,19,38,43,18
 'NT  ::',16,11,16,15,16,'V',17,17,14,18,16,'X',17,18,38,38,17
 n 65.K762.QT83.AJ7 s QT2.QT8.J652.QT2 ,'HCP=',17
 'HLDF::',27,20,24,24,21,'V',27,23,20,25,23,'X',24,22,48,53,24
 'NT  ::',23,20,23,20,21,'V',25,23,20,25,23,'X',23,21,48,48,24
 n Q93.J7543.Q76.Q8 s AKJ86.QT.JT5.AJ3 ,'HCP=',23
 'HLDF::',33,29,34,32,34,'V',32,31,32,33,34,'X',33,33,64,68,30
 'NT  ::',33,29,34,30,34,'V',32,31,32,33,34,'X',32,31,64,64,31
 n K8654.AK3.J2.732 s AT.JT5.AK86.AKJ8 ,'HCP=',31
 'HLDF::',33,27,30,31,29,'V',31,30,26,29,28,'X',29,29,57,62,30
 'NT  ::',29,27,29,27,28,'V',29,29,26,29,28,'X',28,28,57,57,29
 n KJ9.AQJ98.J92.QJ s AQ.K73.T84.A9542 ,'HCP=',28
 'HLDF::',23,17,24,23,22,'V',24,22,20,22,21,'X',23,24,47,52,24
 'NT  ::',20,17,22,20,21,'V',22,21,20,22,21,'X',21,22,47,47,22
 n Q76.AK75.T974.A8 s J9.Q943.Q53.KJ74 ,'HCP=',22
 'HLDF::',30,27,30,28,28,'V',30,27,28,28,28,'X',27,27,57,60,28
 'NT  ::',28,27,29,25,27,'V',28,26,28,28,28,'X',26,26,57,57,28
 n 976.Q6.T52.AKQ86 s J5.AK87.AKJ3.943 ,'HCP=',27
 'HLDF::',17,14,18,19,18,'V',18,18,17,19,19,'X',19,19,42,44,18
 'NT  ::',17,14,18,17,18,'V',18,18,17,19,19,'X',18,18,42,42,18
 n KJ3.J652.9873.A2 s T86.987.A65.KQ97 ,'HCP=',18
 'HLDF::',28,22,24,26,24,'V',25,23,23,23,23,'X',25,25,49,52,22
 'NT  ::',22,22,23,19,22,'V',22,21,23,22,22,'X',20,23,49,49,20
 n T3.AQJ6.K973.J85 s J6.92.A85.AT9632 ,'HCP=',20
 'HLDF::',27,22,25,26,23,'V',27,24,25,25,25,'X',28,26,52,57,28
 'NT  ::',24,22,24,22,23,'V',24,24,24,24,24,'X',24,23,52,52,24
 n A2.K64.AJ93.Q632 s KJ84.73.KQ764.T8 ,'HCP=',23
 'HLDF::',24,20,23,22,21,'V',22,21,21,21,22,'X',22,22,48,51,23
 'NT  ::',22,20,21,20,20,'V',20,20,21,21,22,'X',20,20,48,48,20
 n QJT7.83.AKJ3.T42 s 82.AQ52.T865.K93 ,'HCP=',20
 'HLDF::',19,15,19,20,18,'V',20,20,16,20,19,'X',21,19,43,46,20
 'NT  ::',19,15,19,18,18,'V',20,20,16,20,19,'X',20,18,43,43,20
 n K63.QJT.Q52.9764 s Q952.A2.KJ87.Q53 ,'HCP=',20
 'HLDF::',24,18,22,21,22,'V',24,22,20,24,22,'X',23,22,44,50,20
 'NT  ::',19,18,22,16,20,'V',22,20,19,24,22,'X',19,20,44,44,20
 n QT.T84.KT9763.Q6 s J52.AQ9.AQ8.T984 ,'HCP=',20
 'HLDF::',28,19,25,24,25,'V',26,24,22,23,22,'X',24,24,50,59,25
 'NT  ::',22,19,23,20,23,'V',23,22,21,23,22,'X',22,21,50,50,22
 n KT62.A72.A7.KQ43 s J987.JT865.K9.J7 ,'HCP=',22
 'HLDF::',32,28,29,30,28,'V',31,28,26,27,29,'X',30,29,58,62,29
 'NT  ::',28,28,28,26,28,'V',28,28,26,27,29,'X',27,27,58,58,26
 n T5.AKQ.QJ854.AQ4 s J876.87.A6.KT532 ,'HCP=',26
 'HLDF::',30,23,28,28,27,'V',28,25,27,24,26,'X',26,27,54,62,27
 'NT  ::',26,23,26,24,26,'V',25,24,26,24,26,'X',24,24,54,54,24
 n 63.A8.K753.AT862 s T74.K642.AQ62.KJ ,'HCP=',24
Description:  0 Bergen: HLDF (down) vs NoTrump (across):
        Low       21       22       23       24       25       26       27       28       29    High     Sum
Low         5        0        0        0        0        0        0        0        0        0        0        5
  21        0        0        0        0        0        0        0        0        0        0        0        0
  22        0        1        1        0        0        0        0        0        0        0        0        2
  23        1        1        0        0        0        0        0        0        0        0        0        2
  24        1        0        1        0        0        0        0        0        0        0        0        2
  25        0        0        0        0        0        0        0        0        0        0        0        0
  26        0        0        0        0        0        0        0        0        0        0        0        0
  27        0        0        0        1        1        0        0        0        0        0        0        2
  28        0        0        2        0        0        0        0        0        0        0        0        2
  29        0        0        0        0        0        0        0        0        0        0        0        0
High        0        0        0        0        0        0        1        0        2        1        1        5
Sum         7        2        4        1        1        0        1        0        2        1        1       20

Description:  1 Bissel: HLDF (down) vs NoTrump (across):
        Low       21       22       23       24       25       26       27       28       29    High     Sum
Low        13        0        0        0        0        0        0        0        0        0        0       13
  21        0        0        0        0        0        0        0        0        0        0        0        0
  22        0        0        2        0        0        0        0        0        0        0        0        2
  23        0        0        0        1        0        0        0        0        0        0        0        1
  24        0        0        0        0        0        0        0        0        0        0        0        0
  25        0        0        0        0        0        0        0        0        0        0        0        0
  26        0        0        0        0        0        0        0        0        0        0        0        0
  27        0        0        0        0        0        0        0        2        0        0        0        2
  28        0        0        0        0        0        0        0        0        1        0        0        1
  29        0        0        0        0        0        0        0        0        0        1        0        1
High        0        0        0        0        0        0        0        0        0        0        0        0
Sum        13        0        2        1        0        0        0        2        1        1        0       20

Description:  2 DKP   : HLDF (down) vs NoTrump (across):
        Low       21       22       23       24       25       26       27       28       29    High     Sum
Low         5        0        0        0        0        0        0        0        0        0        0        5
  21        0        1        0        0        0        0        0        0        0        0        0        1
  22        0        1        2        0        0        0        0        0        0        0        0        3
  23        0        1        0        0        0        0        0        0        0        0        0        1
  24        0        0        1        2        0        0        0        0        0        0        0        3
  25        0        0        0        1        1        0        0        0        0        0        0        2
  26        0        0        0        0        0        0        0        0        0        0        0        0
  27        0        0        0        0        0        0        0        0        0        0        0        0
  28        0        0        0        0        0        0        1        0        0        0        0        1
  29        0        0        0        0        0        0        0        0        1        0        0        1
High        0        0        0        0        0        0        0        0        0        2        1        3
Sum         5        3        3        3        1        0        1        0        1        2        1       20

Description:  3 Goren : HLDF (down) vs NoTrump (across):
        Low       21       22       23       24       25       26       27       28       29    High     Sum
Low         5        0        0        0        0        0        0        0        0        0        0        5
  21        2        0        0        0        0        0        0        0        0        0        0        2
  22        1        0        0        0        0        0        0        0        0        0        0        1
  23        2        1        0        0        0        0        0        0        0        0        0        3
  24        2        0        0        0        0        0        0        0        0        0        0        2
  25        0        0        0        0        0        0        0        0        0        0        0        0
  26        1        0        1        0        0        0        0        0        0        0        0        2
  27        0        0        0        0        0        0        0        0        0        0        0        0
  28        0        0        0        0        1        1        0        0        0        0        0        2
  29        0        0        0        0        0        0        0        0        0        0        0        0
High        0        0        0        0        0        0        1        1        0        0        1        3
Sum        13        1        1        0        1        1        1        1        0        0        1       20

Description:  4 KARP_B: HLDF (down) vs NoTrump (across):
        Low       21       22       23       24       25       26       27       28       29    High     Sum
Low         5        0        0        0        0        0        0        0        0        0        0        5
  21        2        3        0        0        0        0        0        0        0        0        0        5
  22        1        1        0        0        0        0        0        0        0        0        0        2
  23        0        0        0        1        0        0        0        0        0        0        0        1
  24        0        0        1        0        0        0        0        0        0        0        0        1
  25        0        0        0        1        0        0        0        0        0        0        0        1
  26        0        0        0        0        0        0        0        0        0        0        0        0
  27        0        0        0        0        0        0        1        0        0        0        0        1
  28        0        0        0        0        0        0        0        1        1        0        0        2
  29        0        0        0        0        0        0        0        0        1        0        0        1
High        0        0        0        0        0        0        0        0        0        0        1        1
Sum         8        4        1        2        0        0        1        1        2        0        1       20

Description:  5 KAPLAN: HLDF (down) vs NoTrump (across):
        Low       21       22       23       24       25       26       27       28       29    High     Sum
Low         4        0        0        0        0        0        0        0        0        0        0        4
  21        1        1        0        0        0        0        0        0        0        0        0        2
  22        1        0        1        0        0        0        0        0        0        0        0        2
  23        0        0        0        0        0        0        0        0        0        0        0        0
  24        0        0        3        0        0        0        0        0        0        0        0        3
  25        0        0        1        0        0        0        0        0        0        0        0        1
  26        0        0        0        1        0        0        0        0        0        0        0        1
  27        0        0        0        0        1        1        0        0        0        0        0        2
  28        0        0        0        0        0        1        0        0        0        0        0        1
  29        0        0        0        0        0        0        0        0        0        0        0        0
High        0        0        0        0        0        0        0        0        2        1        1        4
Sum         6        1        5        1        1        2        0        0        2        1        1       20

Description:  6 KARPIN: HLDF (down) vs NoTrump (across):
        Low       21       22       23       24       25       26       27       28       29    High     Sum
Low         6        0        0        0        0        0        0        0        0        0        0        6
  21        1        1        0        0        0        0        0        0        0        0        0        2
  22        1        1        0        0        0        0        0        0        0        0        0        2
  23        0        1        1        1        0        0        0        0        0        0        0        3
  24        0        0        1        0        1        0        0        0        0        0        0        2
  25        0        0        0        0        1        0        0        0        0        0        0        1
  26        0        0        0        0        0        0        0        0        0        0        0        0
  27        0        0        0        0        0        0        1        0        0        0        0        1
  28        0        0        0        0        0        0        0        0        1        0        0        1
  29        0        0        0        0        0        0        0        0        0        0        0        0
High        0        0        0        0        0        0        0        0        0        1        1        2
Sum         8        3        2        1        2        0        1        0        1        1        1       20

Description:  7 KnRfit: HLDF (down) vs NoTrump (across):
        Low       21       22       23       24       25       26       27       28       29    High     Sum
Low        11        0        0        0        0        0        0        0        0        0        0       11
  21        0        1        0        0        0        0        0        0        0        0        0        1
  22        0        1        0        0        0        0        0        0        0        0        0        1
  23        0        0        0        1        0        0        0        0        0        0        0        1
  24        0        0        0        0        0        0        0        0        0        0        0        0
  25        0        0        0        0        1        0        0        0        0        0        0        1
  26        0        0        0        0        0        0        2        0        0        0        0        2
  27        0        0        0        0        0        0        1        0        0        0        0        1
  28        0        0        0        0        0        0        0        0        1        0        0        1
  29        0        0        0        0        0        0        0        0        0        0        0        0
High        0        0        0        0        0        0        0        0        0        0        1        1
Sum        11        2        0        1        1        0        3        0        1        0        1       20

Description:  8 Larson: HLDF (down) vs NoTrump (across):
        Low       21       22       23       24       25       26       27       28       29    High     Sum
Low         4        0        0        0        0        0        0        0        0        0        0        4
  21        0        2        0        0        0        0        0        0        0        0        0        2
  22        0        0        2        0        0        0        0        0        0        0        0        2
  23        0        0        1        2        0        0        0        0        0        0        0        3
  24        0        0        0        1        2        0        0        0        0        0        0        3
  25        0        0        0        0        1        1        0        0        0        0        0        2
  26        0        0        0        0        0        0        0        0        0        0        0        0
  27        0        0        0        0        0        0        0        1        0        0        0        1
  28        0        0        0        0        0        0        0        0        1        0        0        1
  29        0        0        0        0        0        0        0        0        0        1        0        1
High        0        0        0        0        0        0        0        0        0        0        1        1
Sum         4        2        3        3        3        1        0        1        1        1        1       20

Description:  9 LAR_B : HLDF (down) vs NoTrump (across):
        Low       21       22       23       24       25       26       27       28       29    High     Sum
Low         4        0        0        0        0        0        0        0        0        0        0        4
  21        0        4        0        0        0        0        0        0        0        0        0        4
  22        0        0        3        0        0        0        0        0        0        0        0        3
  23        0        0        2        1        0        0        0        0        0        0        0        3
  24        0        0        0        0        0        0        0        0        0        0        0        0
  25        0        0        0        0        1        0        0        0        0        0        0        1
  26        0        0        0        0        0        0        1        0        0        0        0        1
  27        0        0        0        0        0        0        0        0        0        0        0        0
  28        0        0        0        0        0        0        0        0        2        0        0        2
  29        0        0        0        0        0        0        0        0        0        1        0        1
High        0        0        0        0        0        0        0        0        0        0        1        1
Sum         4        4        5        1        1        0        1        0        2        1        1       20

Description: 10 PAV   : HLDF (down) vs NoTrump (across):
        Low       21       22       23       24       25       26       27       28       29    High     Sum
Low         4        0        0        0        0        0        0        0        0        0        0        4
  21        1        0        0        0        0        0        0        0        0        0        0        1
  22        2        1        0        0        0        0        0        0        0        0        0        3
  23        1        1        0        0        0        0        0        0        0        0        0        2
  24        0        1        1        1        0        0        0        0        0        0        0        3
  25        1        0        0        0        0        0        0        0        0        0        0        1
  26        0        0        0        0        1        0        0        0        0        0        0        1
  27        0        0        0        0        0        0        1        0        0        0        0        1
  28        0        0        0        0        1        0        0        0        0        0        0        1
  29        0        0        0        0        0        0        0        0        1        0        0        1
High        0        0        0        0        0        0        0        1        0        0        1        2
Sum         9        3        1        1        2        0        1        1        1        0        1       20

Description: 11 Sheinw: HLDF (down) vs NoTrump (across):
        Low       21       22       23       24       25       26       27       28       29    High     Sum
Low         5        0        0        0        0        0        0        0        0        0        0        5
  21        1        0        0        0        0        0        0        0        0        0        0        1
  22        2        1        0        0        0        0        0        0        0        0        0        3
  23        0        2        0        0        0        0        0        0        0        0        0        2
  24        0        1        1        0        0        0        0        0        0        0        0        2
  25        0        0        0        1        0        0        0        0        0        0        0        1
  26        0        0        0        1        0        0        0        0        0        0        0        1
  27        0        0        0        0        1        0        1        0        0        0        0        2
  28        0        0        0        0        0        0        0        0        0        0        0        0
  29        0        0        0        0        0        0        0        1        1        0        0        2
High        0        0        0        0        0        0        0        0        0        0        1        1
Sum         8        4        1        2        1        0        1        1        1        0        1       20

Description: 12 ZarBas: HLDF (down) vs NoTrump (across):
        Low       21       22       23       24       25       26       27       28       29    High     Sum
Low         0        0        0        0        0        0        0        0        0        0        0        0
  21        0        0        0        0        0        0        0        0        0        0        0        0
  22        0        0        0        0        0        0        0        0        0        0        0        0
  23        0        0        0        0        0        0        0        0        0        0        0        0
  24        0        0        0        0        0        0        0        0        0        0        0        0
  25        0        0        0        0        0        0        0        0        0        0        0        0
  26        0        0        0        0        0        0        0        0        0        0        0        0
  27        0        0        0        0        0        0        0        0        0        0        0        0
  28        0        0        0        0        0        0        0        0        0        0        0        0
  29        0        0        0        0        0        0        0        0        0        0        0        0
High        0        0        0        0        0        0        0        0        0        0       20       20
Sum         0        0        0        0        0        0        0        0        0        0       20       20

Description: 13 ZarAdv: HLDF (down) vs NoTrump (across):
        Low       21       22       23       24       25       26       27       28       29    High     Sum
Low         0        0        0        0        0        0        0        0        0        0        0        0
  21        0        0        0        0        0        0        0        0        0        0        0        0
  22        0        0        0        0        0        0        0        0        0        0        0        0
  23        0        0        0        0        0        0        0        0        0        0        0        0
  24        0        0        0        0        0        0        0        0        0        0        0        0
  25        0        0        0        0        0        0        0        0        0        0        0        0
  26        0        0        0        0        0        0        0        0        0        0        0        0
  27        0        0        0        0        0        0        0        0        0        0        0        0
  28        0        0        0        0        0        0        0        0        0        0        0        0
  29        0        0        0        0        0        0        0        0        0        0        0        0
High        0        0        0        0        0        0        0        0        0        0       20       20
Sum         0        0        0        0        0        0        0        0        0        0       20       20

Description: 14 Roth  : HLDF (down) vs NoTrump (across):
        Low       21       22       23       24       25       26       27       28       29    High     Sum
Low         6        2        0        0        0        0        0        0        0        0        0        8
  21        0        0        0        0        0        0        0        0        0        0        0        0
  22        1        0        0        0        0        0        0        0        0        0        0        1
  23        1        0        0        0        0        0        0        0        0        0        0        1
  24        0        0        1        0        1        0        0        0        0        0        0        2
  25        0        0        2        0        0        0        0        0        0        0        0        2
  26        0        0        0        0        0        0        0        0        0        0        0        0
  27        0        0        0        0        1        0        0        0        0        0        0        1
  28        0        0        0        0        1        0        0        0        1        0        0        2
  29        0        0        0        0        0        0        1        0        0        0        0        1
High        0        0        0        0        0        0        0        0        0        1        1        2
Sum         8        2        3        0        3        0        1        0        1        1        1       20


Set 88 NT vs HLDF
Generated 52 hands
Produced  20 hands
Initial random seed 205512209502771
Time needed    0.386 sec
